Вхідні дані: експертів = 4 критеріїв = 4 альтернатив = 6
МПП експертів:
1.0 3.0 2.0 7.0
0.3333333333333333 1.0 0.5 3.0
0.5 2.0 1.0 4.0
0.14285714285714285 0.3333333333333333 0.25 1.0
_______________МПП критеріїв для експерта  1 :
1.0 4.0 3.0 5.0
0.25 1.0 0.5 2.0
0.3333333333333333 2.0 1.0 2.0
0.2 0.5 0.5 1.0
МПП альтернатив за критерієм  1  для експерта  1 :
1.0 8.0 3.0 6.0 9.0 4.0
0.125 1.0 0.3333333333333333 0.5 2.0 0.5
0.3333333333333333 3.0 1.0 2.0 3.0 2.0
0.16666666666666666 2.0 0.5 1.0 2.0 0.5
0.1111111111111111 0.5 0.3333333333333333 0.5 1.0 0.3333333333333333
0.25 2.0 0.5 2.0 3.0 1.0
МПП альтернатив за критерієм  2  для експерта  1 :
1.0 8.0 8.0 5.0 7.0 6.0
0.125 1.0 1.0 0.5 0.5 0.5
0.125 1.0 1.0 0.5 0.5 0.5
0.2 2.0 2.0 1.0 2.0 2.0
0.14285714285714285 2.0 2.0 0.5 1.0 0.5
0.16666666666666666 2.0 2.0 0.5 2.0 1.0
МПП альтернатив за критерієм  3  для експерта  1 :
1.0 8.0 3.0 9.0 5.0 8.0
0.125 1.0 0.3333333333333333 2.0 0.5 1.0
0.3333333333333333 3.0 1.0 3.0 2.0 3.0
0.1111111111111111 0.5 0.3333333333333333 1.0 0.5 0.5
0.2 2.0 0.5 2.0 1.0 2.0
0.125 1.0 0.3333333333333333 2.0 0.5 1.0
МПП альтернатив за критерієм  4  для експерта  1 :
1.0 5.0 6.0 6.0 6.0 9.0
0.2 1.0 2.0 2.0 2.0 2.0
0.16666666666666666 0.5 1.0 1.0 1.0 2.0
0.16666666666666666 0.5 1.0 1.0 1.0 2.0
0.16666666666666666 0.5 1.0 1.0 1.0 2.0
0.1111111111111111 0.5 0.5 0.5 0.5 1.0
_______________МПП критеріїв для експерта  2 :
1.0 6.0 8.0 4.0
0.16666666666666666 1.0 2.0 0.5
0.125 0.5 1.0 0.5
0.25 2.0 2.0 1.0
МПП альтернатив за критерієм  1  для експерта  2 :
1.0 2.0 3.0 2.0 8.0 9.0
0.5 1.0 2.0 1.0 4.0 5.0
0.3333333333333333 0.5 1.0 0.5 3.0 3.0
0.5 1.0 2.0 1.0 4.0 5.0
0.125 0.25 0.3333333333333333 0.25 1.0 2.0
0.1111111111111111 0.2 0.3333333333333333 0.2 0.5 1.0
МПП альтернатив за критерієм  2  для експерта  2 :
1.0 6.0 5.0 7.0 4.0 4.0
0.16666666666666666 1.0 0.5 2.0 0.5 0.5
0.2 2.0 1.0 2.0 0.5 0.5
0.14285714285714285 0.5 0.5 1.0 0.5 0.5
0.25 2.0 2.0 2.0 1.0 1.0
0.25 2.0 2.0 2.0 1.0 1.0
МПП альтернатив за критерієм  3  для експерта  2 :
1.0 4.0 2.0 6.0 4.0 8.0
0.25 1.0 0.5 2.0 1.0 2.0
0.5 2.0 1.0 3.0 2.0 4.0
0.16666666666666666 0.5 0.3333333333333333 1.0 0.5 2.0
0.25 1.0 0.5 2.0 1.0 2.0
0.125 0.5 0.25 0.5 0.5 1.0
МПП альтернатив за критерієм  4  для експерта  2 :
1.0 6.0 4.0 8.0 4.0 8.0
0.16666666666666666 1.0 0.5 2.0 0.5 2.0
0.25 2.0 1.0 2.0 1.0 2.0
0.125 0.5 0.5 1.0 0.5 1.0
0.25 2.0 1.0 2.0 1.0 2.0
0.125 0.5 0.5 1.0 0.5 1.0
_______________МПП критеріїв для експерта  3 :
1.0 4.0 3.0 6.0
0.25 1.0 0.5 2.0
0.3333333333333333 2.0 1.0 2.0
0.16666666666666666 0.5 0.5 1.0
МПП альтернатив за критерієм  1  для експерта  3 :
1.0 9.0 4.0 9.0 4.0 3.0
0.1111111111111111 1.0 0.3333333333333333 1.0 0.3333333333333333 0.3333333333333333
0.25 3.0 1.0 3.0 1.0 0.5
0.1111111111111111 1.0 0.3333333333333333 1.0 0.3333333333333333 0.3333333333333333
0.25 3.0 1.0 3.0 1.0 0.5
0.3333333333333333 3.0 2.0 3.0 2.0 1.0
МПП альтернатив за критерієм  2  для експерта  3 :
1.0 9.0 2.0 4.0 6.0 3.0
0.1111111111111111 1.0 0.2 0.3333333333333333 0.5 0.3333333333333333
0.5 5.0 1.0 2.0 3.0 2.0
0.25 3.0 0.5 1.0 2.0 0.5
0.16666666666666666 2.0 0.3333333333333333 0.5 1.0 0.5
0.3333333333333333 3.0 0.5 2.0 2.0 1.0
МПП альтернатив за критерієм  3  для експерта  3 :
1.0 6.0 4.0 5.0 8.0 5.0
0.16666666666666666 1.0 0.5 0.5 2.0 0.5
0.25 2.0 1.0 2.0 2.0 2.0
0.2 2.0 0.5 1.0 2.0 1.0
0.125 0.5 0.5 0.5 1.0 0.5
0.2 2.0 0.5 1.0 2.0 1.0
МПП альтернатив за критерієм  4  для експерта  3 :
1.0 9.0 4.0 5.0 5.0 3.0
0.1111111111111111 1.0 0.3333333333333333 0.5 0.5 0.3333333333333333
0.25 3.0 1.0 2.0 2.0 0.5
0.2 2.0 0.5 1.0 1.0 0.5
0.2 2.0 0.5 1.0 1.0 0.5
0.3333333333333333 3.0 2.0 2.0 2.0 1.0
_______________МПП критеріїв для експерта  4 :
1.0 3.0 6.0 3.0
0.3333333333333333 1.0 2.0 1.0
0.16666666666666666 0.5 1.0 0.5
0.3333333333333333 1.0 2.0 1.0
МПП альтернатив за критерієм  1  для експерта  4 :
1.0 4.0 3.0 8.0 5.0 5.0
0.25 1.0 0.5 2.0 2.0 2.0
0.3333333333333333 2.0 1.0 3.0 2.0 2.0
0.125 0.5 0.3333333333333333 1.0 0.5 0.5
0.2 0.5 0.5 2.0 1.0 1.0
0.2 0.5 0.5 2.0 1.0 1.0
МПП альтернатив за критерієм  2  для експерта  4 :
1.0 4.0 6.0 7.0 2.0 2.0
0.25 1.0 2.0 2.0 0.5 0.5
0.16666666666666666 0.5 1.0 2.0 0.3333333333333333 0.3333333333333333
0.14285714285714285 0.5 0.5 1.0 0.25 0.25
0.5 2.0 3.0 4.0 1.0 1.0
0.5 2.0 3.0 4.0 1.0 1.0
МПП альтернатив за критерієм  3  для експерта  4 :
1.0 7.0 2.0 5.0 2.0 9.0
0.14285714285714285 1.0 0.25 0.5 0.25 2.0
0.5 4.0 1.0 3.0 1.0 5.0
0.2 2.0 0.3333333333333333 1.0 0.3333333333333333 2.0
0.5 4.0 1.0 3.0 1.0 5.0
0.1111111111111111 0.5 0.2 0.5 0.2 1.0
МПП альтернатив за критерієм  4  для експерта  4 :
1.0 3.0 9.0 9.0 8.0 8.0
0.3333333333333333 1.0 3.0 3.0 3.0 3.0
0.1111111111111111 0.3333333333333333 1.0 1.0 0.5 0.5
0.1111111111111111 0.3333333333333333 1.0 1.0 0.5 0.5
0.125 0.3333333333333333 2.0 2.0 1.0 1.0
0.125 0.3333333333333333 2.0 2.0 1.0 1.0
